123
345123
345123
345123
345123
345123
345123
345123
345123
345123
345123
345123
345123
345123
345123
345123
345123
345123
345123
345123
345123
345123
345123
345123
345123
345123
345123
345123
345123
345123
345123
345123
345123
345123
345123
345123
345123
345123
345123
345123
345123
345123
345123
345123
345123
345123
345123
345123
345123
345123
345123
345123
345123
345123
345123
345123
345123
345123
345123
345123
345123
345123
345123
345123
345123
345123
345123
345123
345123
345123
345123
345123
345123
345123
345123
345123
345123
345123
345123
345123
345123
345123
345123
345123
345123
345123
345123
345123
345123
345123
345123
345123
345123
345123
345123
345123
345123
345123
345123
345123
345123
345123
345123
345123
345123
345123
345123
345123
345123
345123
345123
345123
345123
345123
345123
345123
345123
345123
345123
345123
345123
345123
345123
345
